0.588124
0.621112
0.649387
0.67295
0.694628
0.715363
0.732328
0.747408
0.762488
0.776626
0.788878
0.799246
0.808671
0.818096
0.827521
0.836004
0.843544
0.851084
0.858624
0.864279
0.869934
0.875589
0.880302
0.884072
0.887842
0.891612
0.895382
0.899152
0.902922
0.906692
0.909519
0.912347
0.915174
0.918002
0.920829
0.923657
0.925542
0.927427
0.929312
0.931197
0.933082
0.934967
0.936852
0.938737
0.940622
0.942507
0.944392
0.946277
0.948162
0.950047
0.951932
0.953817
0.955702
0.957587
0.95853
0.959472
0.960415
0.961357
0.9623
0.963242
0.964185
0.965127
0.96607
0.967012
0.967955
0.968897
0.96984
0.970782
0.971725
0.972667
0.97361
0.974552
0.975495
0.976437
0.97738
0.978322
0.979265
0.980207
0.98115
0.982092
0.983035
0.983977
0.98492
0.985862
0.986805
0.987747
0.98869
0.989632
0.990575
0.990575
0.990575
0.991517
0.99246
0.99246
0.99246
0.99246
0.99246
0.99246
0.99246
0.99246
